image_width: 1280
image_height: 720
camera_name: left_camera
camera_matrix:
  rows: 3
  cols: 3
  data: [1090.0380708767498, 0.0, 640.0, 0.0, 1090.0380708767498, 360.0, 0.0, 0.0, 1.0]
distortion_model: plumb_bob
distortion_coefficients:
  rows: 1
  cols: 5
  data: [0.0, 0.0, 0.0, 0.0, 0.0]
rectification_matrix:
  rows: 3
  cols: 3
  data: [1.0, 0.0, 0.0, 0.0, 1.0, 0.0, 0.0, 0.0, 1.0]
projection_matrix:
  rows: 3
  cols: 4
  data: [1090.0380708767498, 0.0, 640.0, 0.0, 0.0, 1090.0380708767498, 360.0, 0.0, 0.0, 0.0, 1.0, 0.0]
